0   1   eps 0
1   2   eps 0
2   3   eps 0
3   4   0   0
3   4   1   1
3   4   2   2
3   4   3   3
3   4   4   4
3   4   5   5
3   4   6   6
3   4   7   7
3   4   8   8
3   4   9   9
2   5   eps eps
5   3   0   0
5   3   1   1
5   3   2   2
5   3   3   3
5   3   4   4
5   3   5   5
5   3   6   6
5   3   7   7
5   3   8   8
5   3   9   9
1   6   eps eps
6   5   0   0
6   5   1   1
6   5   2   2
6   5   3   3
6   5   4   4
6   5   5   5
6   5   6   6
6   5   7   7
6   5   8   8
6   5   9   9
0   7   eps eps
7   6   0   0
7   6   1   1
7   6   2   2
7   6   3   3
7   6   4   4
7   6   5   5
7   6   6   6
7   6   7   7
7   6   8   8
7   6   9   9
4
7   4







