0   0   0   eps
0   0   1   eps
0   0   2   eps
0   0   3   eps
0   0   4   eps
0   0   5   eps
0   0   6   eps
0   0   7   eps
0   0   8   eps
0   0   9   eps
0   1   /   eps
1   1   0   eps
1   1   1   eps
1   1   2   eps
1   1   3   eps
1   1   4   eps
1   1   5   eps
1   1   6   eps
1   1   7   eps
1   1   8   eps
1   1   9   eps
1   2   /   eps
2   3   0   0
2   3   1   1
2   3   2   2
2   3   3   3
3	4	0	0
3	4	1	1
3	4	2	2
3	4	3	3
3	4	4	4
3	4	5	5
3	4	6	6
3	4	7	7
3	4	8	8
3	4	9	9
4	5	0	0
4	5	1	1
4	5	2	2
4	5	3	3
4	5	4	4
4	5	5	5
4	5	6	6
4	5	7	7
4	5	8	8
4	5	9	9
5	6	0	0
5	6	1	1
5	6	2	2
5	6	3	3
5	6	4	4
5	6	5	5
5	6	6	6
5	6	7	7
5	6	8	8
5	6	9	9
6